 0.000000e+00 0.000000e+00 0.000000e+00 0.000000e+00 0.000000e+00 0.000000e+00 0.000000e+00 0.000000e+00 0.000000e+00 0.000000e+00 0.000000e+00 0.000000e+00 0.000000e+00 0.000000e+00 0.000000e+00 0.000000e+00 0.000000e+00 0.000000e+00 0.000000e+00 0.000000e+00 0.000000e+00 0.000000e+00 0.000000e+00 0.000000e+00 0.000000e+00 0.000000e+00 0.000000e+00 0.000000e+00 0.000000e+00 0.000000e+00 0.000000e+00 0.000000e+00 0.000000e+00 0.000000e+00 0.000000e+00 0.000000e+00 0.000000e+00 0.000000e+00 0.000000e+00 0.000000e+00 0.000000e+00 0.000000e+00 0.000000e+00 0.000000e+00 0.000000e+00 0.000000e+00 0.000000e+00 0.000000e+00 0.000000e+00 0.000000e+00 0.000000e+00 0.000000e+00 0.000000e+00 0.000000e+00 0.000000e+00 0.000000e+00 0.000000e+00 0.000000e+00 0.000000e+00 0.000000e+00 0.000000e+00 0.000000e+00 0.000000e+00 0.000000e+00
 0.000000e+00 9.209860e-05 1.842088e-04 2.763393e-04 3.684927e-04 4.606631e-04 5.528324e-04 6.449680e-04 7.370195e-04 8.289158e-04 9.205623e-04 1.011838e-03 1.102593e-03 1.192645e-03 1.281778e-03 1.369737e-03 1.456232e-03 1.540929e-03 1.623453e-03 1.703387e-03 1.780273e-03 1.853613e-03 1.922873e-03 1.987491e-03 2.046884e-03 2.100466e-03 2.147660e-03 2.187923e-03 2.220765e-03 2.245772e-03 2.262625e-03 2.271106e-03 2.271106e-03 2.262625e-03 2.245772e-03 2.220765e-03 2.187923e-03 2.147660e-03 2.100466e-03 2.046884e-03 1.987491e-03 1.922873e-03 1.853613e-03 1.780273e-03 1.703387e-03 1.623453e-03 1.540929e-03 1.456232e-03 1.369737e-03 1.281778e-03 1.192645e-03 1.102593e-03 1.011838e-03 9.205623e-04 8.289158e-04 7.370195e-04 6.449680e-04 5.528324e-04 4.606631e-04 3.684927e-04 2.763393e-04 1.842088e-04 9.209860e-05 0.000000e+00
 0.000000e+00 1.842088e-04 3.684438e-04 5.527252e-04 7.370614e-04 9.214433e-04 1.105838e-03 1.290183e-03 1.474380e-03 1.658290e-03 1.841727e-03 2.024452e-03 2.206167e-03 2.386510e-03 2.565051e-03 2.741284e-03 2.914628e-03 3.084418e-03 3.249904e-03 3.410252e-03 3.564542e-03 3.711774e-03 3.850873e-03 3.980706e-03 4.100095e-03 4.207849e-03 4.302793e-03 4.383818e-03 4.449924e-03 4.500265e-03 4.534192e-03 4.551265e-03 4.551265e-03 4.534192e-03 4.500265e-03 4.449924e-03 4.383818e-03 4.302793e-03 4.207849e-03 4.100095e-03 3.980706e-03 3.850873e-03 3.711774e-03 3.564542e-03 3.410252e-03 3.249904e-03 3.084418e-03 2.914628e-03 2.741284e-03 2.565051e-03 2.386510e-03 2.206167e-03 2.024452e-03 1.841727e-03 1.658290e-03 1.474380e-03 1.290183e-03 1.105838e-03 9.214433e-04 7.370614e-04 5.527252e-04 3.684438e-04 1.842088e-04 0.000000e+00
 0.000000e+00 2.763393e-04 5.527252e-04 8.291955e-04 1.105770e-03 1.382443e-03 1.659172e-03 1.935870e-03 2.212398e-03 2.488555e-03 2.764069e-03 3.038586e-03 3.311668e-03 3.582779e-03 3.851277e-03 4.116412e-03 4.377314e-03 4.632988e-03 4.882313e-03 5.124034e-03 5.356767e-03 5.579001e-03 5.789110e-03 5.985368e-03 6.165975e-03 6.329100e-03 6.472930e-03 6.595738e-03 6.695967e-03 6.772306e-03 6.823755e-03 6.849645e-03 6.849645e-03 6.823755e-03 6.772306e-03 6.695967e-03 6.595738e-03 6.472930e-03 6.329100e-03 6.165975e-03 5.985368e-03 5.789110e-03 5.579001e-03 5.356767e-03 5.124034e-03 4.882313e-03 4.632988e-03 4.377314e-03 4.116412e-03 3.851277e-03 3.582779e-03 3.311668e-03 3.038586e-03 2.764069e-03 2.488555e-03 2.212398e-03 1.935870e-03 1.659172e-03 1.382443e-03 1.105770e-03 8.291955e-04 5.527252e-04 2.763393e-04 0.000000e+00
 0.000000e+00 3.684927e-04 7.370614e-04 1.105770e-03 1.474660e-03 1.843735e-03 2.212954e-03 2.582215e-03 2.951346e-03 3.320092e-03 3.688102e-03 4.054922e-03 4.419976e-03 4.782562e-03 5.141838e-03 5.496811e-03 5.846329e-03 6.189075e-03 6.523555e-03 6.848094e-03 7.160840e-03 7.459761e-03 7.742658e-03 8.007187e-03 8.250890e-03 8.471241e-03 8.665719e-03 8.831900e-03 8.967586e-03 9.070945e-03 9.140596e-03 9.175640e-03 9.175640e-03 9.140596e-03 9.070945e-03 8.967586e-03 8.831900e-03 8.665719e-03 8.471241e-03 8.250890e-03 8.007187e-03 7.742658e-03 7.459761e-03 7.160840e-03 6.848094e-03 6.523555e-03 6.189075e-03 5.846329e-03 5.496811e-03 5.141838e-03 4.782562e-03 4.419976e-03 4.054922e-03 3.688102e-03 3.320092e-03 2.951346e-03 2.582215e-03 2.212954e-03 1.843735e-03 1.474660e-03 1.105770e-03 7.370614e-04 3.684927e-04 0.000000e+00
 0.000000e+00 4.606631e-04 9.214433e-04 1.382443e-03 1.843735e-03 2.305348e-03 2.767251e-03 3.229340e-03 3.691422e-03 4.153199e-03 4.614256e-03 5.074044e-03 5.531865e-03 5.986860e-03 6.437996e-03 6.884048e-03 7.323591e-03 7.754989e-03 8.176380e-03 8.585674e-03 8.980542e-03 9.358423e-03 9.716524e-03 1.005185e-02 1.036124e-02 1.064139e-02 1.088899e-02 1.110078e-02 1.127379e-02 1.140558e-02 1.149435e-02 1.153899e-02 1.153899e-02 1.149435e-02 1.140558e-02 1.127379e-02 1.110078e-02 1.088899e-02 1.064139e-02 1.036124e-02 1.005185e-02 9.716524e-03 9.358423e-03 8.980542e-03 8.585674e-03 8.176380e-03 7.754989e-03 7.323591e-03 6.884048e-03 6.437996e-03 5.986860e-03 5.531865e-03 5.074044e-03 4.614256e-03 4.153199e-03 3.691422e-03 3.229340e-03 2.767251e-03 2.305348e-03 1.843735e-03 1.382443e-03 9.214433e-04 4.606631e-04 0.000000e+00
 0.000000e+00 5.528324e-04 1.105838e-03 1.659172e-03 2.212954e-03 2.767251e-03 3.322060e-03 3.877287e-03 4.432733e-03 4.988074e-03 5.542842e-03 6.096411e-03 6.647973e-03 7.196528e-03 7.740860e-03 8.279528e-03 8.810844e-03 9.332862e-03 9.843363e-03 1.033984e-02 1.081950e-02 1.127922e-02 1.171561e-02 1.212499e-02 1.250342e-02 1.284678e-02 1.315081e-02 1.341124e-02 1.362407e-02 1.378609e-02 1.389511e-02 1.394990e-02 1.394990e-02 1.389511e-02 1.378609e-02 1.362407e-02 1.341124e-02 1.315081e-02 1.284678e-02 1.250342e-02 1.212499e-02 1.171561e-02 1.127922e-02 1.081950e-02 1.033984e-02 9.843363e-03 9.332862e-03 8.810844e-03 8.279528e-03 7.740860e-03 7.196528e-03 6.647973e-03 6.096411e-03 5.542842e-03 4.988074e-03 4.432733e-03 3.877287e-03 3.322060e-03 2.767251e-03 2.212954e-03 1.659172e-03 1.105838e-03 5.528324e-04 0.000000e+00
 0.000000e+00 6.449680e-04 1.290183e-03 1.935870e-03 2.582215e-03 3.229340e-03 3.877287e-03 4.525991e-03 5.175266e-03 5.824777e-03 6.474025e-03 7.122320e-03 7.768764e-03 8.412230e-03 9.051340e-03 9.684446e-03 1.030961e-02 1.092460e-02 1.152685e-02 1.211344e-02 1.268110e-02 1.322619e-02 1.374467e-02 1.423213e-02 1.468383e-02 1.509473e-02 1.545955e-02 1.577267e-02 1.602860e-02 1.622308e-02 1.635362e-02 1.641910e-02 1.641910e-02 1.635362e-02 1.622308e-02 1.602860e-02 1.577267e-02 1.545955e-02 1.509473e-02 1.468383e-02 1.423213e-02 1.374467e-02 1.322619e-02 1.268110e-02 1.211344e-02 1.152685e-02 1.092460e-02 1.030961e-02 9.684446e-03 9.051340e-03 8.412230e-03 7.768764e-03 7.122320e-03 6.474025e-03 5.824777e-03 5.175266e-03 4.525991e-03 3.877287e-03 3.229340e-03 2.582215e-03 1.935870e-03 1.290183e-03 6.449680e-04 0.000000e+00
 0.000000e+00 7.370195e-04 1.474380e-03 2.212398e-03 2.951346e-03 3.691422e-03 4.432733e-03 5.175266e-03 5.918867e-03 6.663212e-03 7.407791e-03 8.151873e-03 8.894490e-03 9.634407e-03 1.037010e-02 1.109974e-02 1.182116e-02 1.253184e-02 1.322889e-02 1.390901e-02 1.456848e-02 1.520311e-02 1.580821e-02 1.637861e-02 1.690873e-02 1.739257e-02 1.782388e-02 1.819527e-02 1.849861e-02 1.872808e-02 1.888132e-02 1.895792e-02 1.895792e-02 1.888132e-02 1.872808e-02 1.849861e-02 1.819527e-02 1.782388e-02 1.739257e-02 1.690873e-02 1.637861e-02 1.580821e-02 1.520311e-02 1.456848e-02 1.390901e-02 1.322889e-02 1.253184e-02 1.182116e-02 1.109974e-02 1.037010e-02 9.634407e-03 8.894490e-03 8.151873e-03 7.407791e-03 6.663212e-03 5.918867e-03 5.175266e-03 4.432733e-03 3.691422e-03 2.951346e-03 2.212398e-03 1.474380e-03 7.370195e-04 0.000000e+00
 0.000000e+00 8.289158e-04 1.658290e-03 2.488556e-03 3.320092e-03 4.153199e-03 4.988074e-03 5.824777e-03 6.663213e-03 7.503094e-03 8.343920e-03 9.184947e-03 1.002516e-02 1.086323e-02 1.169753e-02 1.252606e-02 1.334643e-02 1.415587e-02 1.495119e-02 1.572874e-02 1.648438e-02 1.721339e-02 1.791043e-02 1.856951e-02 1.918416e-02 1.974732e-02 2.025262e-02 2.069049e-02 2.104716e-02 2.131403e-02 2.149042e-02 2.157812e-02 2.157812e-02 2.149042e-02 2.131403e-02 2.104716e-02 2.069049e-02 2.025262e-02 1.974732e-02 1.918416e-02 1.856951e-02 1.791043e-02 1.721339e-02 1.648438e-02 1.572874e-02 1.495119e-02 1.415587e-02 1.334643e-02 1.252606e-02 1.169753e-02 1.086323e-02 1.002516e-02 9.184947e-03 8.343920e-03 7.503094e-03 6.663213e-03 5.824777e-03 4.988074e-03 4.153199e-03 3.320092e-03 2.488556e-03 1.658290e-03 8.289158e-04 0.000000e+00
 0.000000e+00 9.205623e-04 1.841727e-03 2.764069e-03 3.688102e-03 4.614256e-03 5.542842e-03 6.474025e-03 7.407791e-03 8.343920e-03 9.281951e-03 1.022115e-02 1.116048e-02 1.209858e-02 1.303369e-02 1.396368e-02 1.488598e-02 1.579759e-02 1.669503e-02 1.757434e-02 1.843105e-02 1.925999e-02 2.005513e-02 2.080951e-02 2.151592e-02 2.216491e-02 2.275389e-02 2.327212e-02 2.369081e-02 2.399584e-02 2.419362e-02 2.429145e-02 2.429145e-02 2.419362e-02 2.399584e-02 2.369081e-02 2.327212e-02 2.275389e-02 2.216491e-02 2.151592e-02 2.080951e-02 2.005513e-02 1.925999e-02 1.843105e-02 1.757434e-02 1.669503e-02 1.579759e-02 1.488598e-02 1.396368e-02 1.303369e-02 1.209858e-02 1.116048e-02 1.022115e-02 9.281951e-03 8.343920e-03 7.407791e-03 6.474025e-03 5.542842e-03 4.614256e-03 3.688102e-03 2.764069e-03 1.841727e-03 9.205623e-04 0.000000e+00
 0.000000e+00 1.011838e-03 2.024452e-03 3.038586e-03 4.054922e-03 5.074044e-03 6.096411e-03 7.122320e-03 8.151874e-03 9.184947e-03 1.022115e-02 1.125980e-02 1.229986e-02 1.333995e-02 1.437825e-02 1.541250e-02 1.643998e-02 1.745746e-02 1.846120e-02 1.944699e-02 2.041012e-02 2.134523e-02 2.224563e-02 2.310274e-02 2.391052e-02 2.464807e-02 2.533164e-02 2.595910e-02 2.645385e-02 2.679043e-02 2.700193e-02 2.710752e-02 2.710752e-02 2.700193e-02 2.679043e-02 2.645385e-02 2.595910e-02 2.533164e-02 2.464807e-02 2.391052e-02 2.310274e-02 2.224563e-02 2.134523e-02 2.041012e-02 1.944699e-02 1.846120e-02 1.745746e-02 1.643998e-02 1.541250e-02 1.437825e-02 1.333995e-02 1.229986e-02 1.125980e-02 1.022115e-02 9.184947e-03 8.151874e-03 7.122320e-03 6.096411e-03 5.074044e-03 4.054922e-03 3.038586e-03 2.024452e-03 1.011838e-03 0.000000e+00
 0.000000e+00 1.102593e-03 2.206167e-03 3.311668e-03 4.419976e-03 5.531865e-03 6.647973e-03 7.768764e-03 8.894490e-03 1.002516e-02 1.116048e-02 1.229986e-02 1.344232e-02 1.458647e-02 1.573047e-02 1.687199e-02 1.800813e-02 1.913546e-02 2.024998e-02 2.134719e-02 2.242236e-02 2.347056e-02 2.448504e-02 2.545109e-02 2.638124e-02 2.719045e-02 2.796639e-02 2.876150e-02 2.930587e-02 2.954283e-02 2.962622e-02 2.965098e-02 2.965098e-02 2.962622e-02 2.954283e-02 2.930587e-02 2.876150e-02 2.796639e-02 2.719045e-02 2.638124e-02 2.545109e-02 2.448504e-02 2.347056e-02 2.242236e-02 2.134719e-02 2.024998e-02 1.913546e-02 1.800813e-02 1.687199e-02 1.573047e-02 1.458647e-02 1.344232e-02 1.229986e-02 1.116048e-02 1.002516e-02 8.894490e-03 7.768764e-03 6.647973e-03 5.531865e-03 4.419976e-03 3.311668e-03 2.206167e-03 1.102593e-03 0.000000e+00
 0.000000e+00 1.192645e-03 2.386510e-03 3.582779e-03 4.782562e-03 5.986861e-03 7.196528e-03 8.412230e-03 9.634408e-03 1.086323e-02 1.209858e-02 1.333995e-02 1.458647e-02 1.583681e-02 1.708914e-02 1.834109e-02 1.958964e-02 2.083111e-02 2.206115e-02 2.327481e-02 2.446721e-02 2.563551e-02 2.677876e-02 2.783833e-02 2.894475e-02 2.953318e-02 2.959908e-02 2.957747e-02 2.959806e-02 2.963199e-02 2.964854e-02 2.965238e-02 2.965238e-02 2.964854e-02 2.963199e-02 2.959806e-02 2.957747e-02 2.959908e-02 2.953318e-02 2.894475e-02 2.783833e-02 2.677876e-02 2.563551e-02 2.446721e-02 2.327481e-02 2.206115e-02 2.083111e-02 1.958964e-02 1.834109e-02 1.708914e-02 1.583681e-02 1.458647e-02 1.333995e-02 1.209858e-02 1.086323e-02 9.634408e-03 8.412230e-03 7.196528e-03 5.986861e-03 4.782562e-03 3.582779e-03 2.386510e-03 1.192645e-03 0.000000e+00
 0.000000e+00 1.281778e-03 2.565051e-03 3.851277e-03 5.141838e-03 6.437996e-03 7.740861e-03 9.051340e-03 1.037010e-02 1.169753e-02 1.303369e-02 1.437825e-02 1.573047e-02 1.708914e-02 1.845251e-02 1.981821e-02 2.118315e-02 2.254344e-02 2.389426e-02 2.522956e-02 2.654219e-02 2.782901e-02 2.911089e-02 2.962728e-02 2.962848e-02 2.959516e-02 2.955689e-02 2.951662e-02 2.953685e-02 2.957411e-02 2.959209e-02 2.959620e-02 2.959620e-02 2.959209e-02 2.957411e-02 2.953685e-02 2.951662e-02 2.955689e-02 2.959516e-02 2.962848e-02 2.962728e-02 2.911089e-02 2.782901e-02 2.654219e-02 2.522956e-02 2.389426e-02 2.254344e-02 2.118315e-02 1.981821e-02 1.845251e-02 1.708914e-02 1.573047e-02 1.437825e-02 1.303369e-02 1.169753e-02 1.037010e-02 9.051340e-03 7.740861e-03 6.437996e-03 5.141838e-03 3.851277e-03 2.565051e-03 1.281778e-03 0.000000e+00
 0.000000e+00 1.369737e-03 2.741285e-03 4.116412e-03 5.496811e-03 6.884048e-03 8.279529e-03 9.684447e-03 1.109974e-02 1.252606e-02 1.396368e-02 1.541250e-02 1.687199e-02 1.834109e-02 1.981821e-02 2.130108e-02 2.278664e-02 2.427091e-02 2.574890e-02 2.721269e-02 2.863043e-02 2.963536e-02 2.966988e-02 2.961446e-02 2.956746e-02 2.953307e-02 2.949721e-02 2.945212e-02 2.947577e-02 2.951813e-02 2.953823e-02 2.954284e-02 2.954284e-02 2.953823e-02 2.951813e-02 2.947577e-02 2.945212e-02 2.949721e-02 2.953307e-02 2.956746e-02 2.961446e-02 2.966988e-02 2.963536e-02 2.863043e-02 2.721269e-02 2.574890e-02 2.427091e-02 2.278664e-02 2.130108e-02 1.981821e-02 1.834109e-02 1.687199e-02 1.541250e-02 1.396368e-02 1.252606e-02 1.109974e-02 9.684447e-03 8.279529e-03 6.884048e-03 5.496811e-03 4.116412e-03 2.741285e-03 1.369737e-03 0.000000e+00
 0.000000e+00 1.456232e-03 2.914629e-03 4.377314e-03 5.846330e-03 7.323592e-03 8.810845e-03 1.030962e-02 1.182116e-02 1.334643e-02 1.488598e-02 1.643999e-02 1.800813e-02 1.958964e-02 2.118315e-02 2.278664e-02 2.439716e-02 2.601073e-02 2.762237e-02 2.917538e-02 2.971978e-02 2.967530e-02 2.960910e-02 2.954762e-02 2.950140e-02 2.947187e-02 2.944131e-02 2.939033e-02 2.941724e-02 2.946357e-02 2.948282e-02 2.948519e-02 2.948519e-02 2.948282e-02 2.946357e-02 2.941724e-02 2.939033e-02 2.944131e-02 2.947187e-02 2.950140e-02 2.954762e-02 2.960910e-02 2.967530e-02 2.971978e-02 2.917538e-02 2.762237e-02 2.601073e-02 2.439716e-02 2.278664e-02 2.118315e-02 1.958964e-02 1.800813e-02 1.643999e-02 1.488598e-02 1.334643e-02 1.182116e-02 1.030962e-02 8.810845e-03 7.323592e-03 5.846330e-03 4.377314e-03 2.914629e-03 1.456232e-03 0.000000e+00
 0.000000e+00 1.540929e-03 3.084418e-03 4.632988e-03 6.189076e-03 7.754989e-03 9.332863e-03 1.092460e-02 1.253184e-02 1.415587e-02 1.579759e-02 1.745746e-02 1.913547e-02 2.083111e-02 2.254344e-02 2.427091e-02 2.601073e-02 2.775587e-02 2.940010e-02 2.973699e-02 2.967814e-02 2.960987e-02 2.954388e-02 2.948205e-02 2.943722e-02 2.941271e-02 2.938008e-02 2.925424e-02 2.911799e-02 2.900183e-02 2.891288e-02 2.886358e-02 2.886358e-02 2.891288e-02 2.900183e-02 2.911799e-02 2.925424e-02 2.938008e-02 2.941271e-02 2.943722e-02 2.948205e-02 2.954388e-02 2.960987e-02 2.967814e-02 2.973699e-02 2.940010e-02 2.775587e-02 2.601073e-02 2.427091e-02 2.254344e-02 2.083111e-02 1.913547e-02 1.745746e-02 1.579759e-02 1.415587e-02 1.253184e-02 1.092460e-02 9.332863e-03 7.754989e-03 6.189076e-03 4.632988e-03 3.084418e-03 1.540929e-03 0.000000e+00
 0.000000e+00 1.623453e-03 3.249904e-03 4.882313e-03 6.523555e-03 8.176381e-03 9.843364e-03 1.152685e-02 1.322889e-02 1.495119e-02 1.669503e-02 1.846120e-02 2.024998e-02 2.206115e-02 2.389426e-02 2.574890e-02 2.762237e-02 2.940010e-02 2.974072e-02 2.967953e-02 2.961102e-02 2.954503e-02 2.948244e-02 2.941931e-02 2.935226e-02 2.914296e-02 2.885039e-02 2.851121e-02 2.818597e-02 2.791497e-02 2.772118e-02 2.762005e-02 2.762005e-02 2.772118e-02 2.791497e-02 2.818597e-02 2.851121e-02 2.885039e-02 2.914296e-02 2.935226e-02 2.941931e-02 2.948244e-02 2.954503e-02 2.961102e-02 2.967953e-02 2.974072e-02 2.940010e-02 2.762237e-02 2.574890e-02 2.389426e-02 2.206115e-02 2.024998e-02 1.846120e-02 1.669503e-02 1.495119e-02 1.322889e-02 1.152685e-02 9.843364e-03 8.176381e-03 6.523555e-03 4.882313e-03 3.249904e-03 1.623453e-03 0.000000e+00
 0.000000e+00 1.703387e-03 3.410252e-03 5.124034e-03 6.848095e-03 8.585674e-03 1.033984e-02 1.211344e-02 1.390901e-02 1.572874e-02 1.757435e-02 1.944699e-02 2.134719e-02 2.327481e-02 2.522956e-02 2.721269e-02 2.917538e-02 2.973699e-02 2.967953e-02 2.961133e-02 2.954523e-02 2.948339e-02 2.942099e-02 2.921815e-02 2.884489e-02 2.834240e-02 2.778346e-02 2.722629e-02 2.672391e-02 2.631636e-02 2.603052e-02 2.588339e-02 2.588339e-02 2.603052e-02 2.631636e-02 2.672391e-02 2.722629e-02 2.778346e-02 2.834240e-02 2.884489e-02 2.921815e-02 2.942099e-02 2.948339e-02 2.954523e-02 2.961133e-02 2.967953e-02 2.973699e-02 2.917538e-02 2.721269e-02 2.522956e-02 2.327481e-02 2.134719e-02 1.944699e-02 1.757435e-02 1.572874e-02 1.390901e-02 1.211344e-02 1.033984e-02 8.585674e-03 6.848095e-03 5.124034e-03 3.410252e-03 1.703387e-03 0.000000e+00
 0.000000e+00 1.780274e-03 3.564542e-03 5.356767e-03 7.160841e-03 8.980543e-03 1.081950e-02 1.268111e-02 1.456849e-02 1.648438e-02 1.843105e-02 2.041012e-02 2.242236e-02 2.446721e-02 2.654219e-02 2.863043e-02 2.971978e-02 2.967814e-02 2.961102e-02 2.954523e-02 2.948248e-02 2.940781e-02 2.911368e-02 2.858031e-02 2.788198e-02 2.709583e-02 2.629422e-02 2.553825e-02 2.487847e-02 2.435332e-02 2.398946e-02 2.380353e-02 2.380353e-02 2.398946e-02 2.435332e-02 2.487847e-02 2.553825e-02 2.629422e-02 2.709583e-02 2.788198e-02 2.858031e-02 2.911368e-02 2.940781e-02 2.948248e-02 2.954523e-02 2.961102e-02 2.967814e-02 2.971978e-02 2.863043e-02 2.654219e-02 2.446721e-02 2.242236e-02 2.041012e-02 1.843105e-02 1.648438e-02 1.456849e-02 1.268111e-02 1.081950e-02 8.980543e-03 7.160841e-03 5.356767e-03 3.564542e-03 1.780274e-03 0.000000e+00
 0.000000e+00 1.853613e-03 3.711774e-03 5.579002e-03 7.459761e-03 9.358423e-03 1.127922e-02 1.322620e-02 1.520311e-02 1.721339e-02 1.925999e-02 2.134523e-02 2.347056e-02 2.563551e-02 2.782901e-02 2.963536e-02 2.967530e-02 2.960987e-02 2.954503e-02 2.948339e-02 2.940781e-02 2.907260e-02 2.843106e-02 2.756677e-02 2.657228e-02 2.553118e-02 2.451664e-02 2.358939e-02 2.279743e-02 2.217625e-02 2.175003e-02 2.153348e-02 2.153348e-02 2.175003e-02 2.217625e-02 2.279743e-02 2.358939e-02 2.451664e-02 2.553118e-02 2.657228e-02 2.756677e-02 2.843106e-02 2.907260e-02 2.940781e-02 2.948339e-02 2.954503e-02 2.960987e-02 2.967530e-02 2.963536e-02 2.782901e-02 2.563551e-02 2.347056e-02 2.134523e-02 1.925999e-02 1.721339e-02 1.520311e-02 1.322620e-02 1.127922e-02 9.358423e-03 7.459761e-03 5.579002e-03 3.711774e-03 1.853613e-03 0.000000e+00
 0.000000e+00 1.922873e-03 3.850873e-03 5.789111e-03 7.742658e-03 9.716525e-03 1.171561e-02 1.374467e-02 1.580821e-02 1.791043e-02 2.005513e-02 2.224563e-02 2.448504e-02 2.677876e-02 2.911089e-02 2.966988e-02 2.960910e-02 2.954388e-02 2.948244e-02 2.942099e-02 2.911368e-02 2.843106e-02 2.745562e-02 2.629139e-02 2.503584e-02 2.377532e-02 2.258292e-02 2.151719e-02 2.062230e-02 1.992925e-02 1.945797e-02 1.921981e-02 1.921981e-02 1.945797e-02 1.992925e-02 2.062230e-02 2.151719e-02 2.258292e-02 2.377532e-02 2.503584e-02 2.629139e-02 2.745562e-02 2.843106e-02 2.911368e-02 2.942099e-02 2.948244e-02 2.954388e-02 2.960910e-02 2.966988e-02 2.911089e-02 2.677876e-02 2.448504e-02 2.224563e-02 2.005513e-02 1.791043e-02 1.580821e-02 1.374467e-02 1.171561e-02 9.716525e-03 7.742658e-03 5.789111e-03 3.850873e-03 1.922873e-03 0.000000e+00
 0.000000e+00 1.987491e-03 3.980706e-03 5.985368e-03 8.007188e-03 1.005185e-02 1.212499e-02 1.423213e-02 1.637861e-02 1.856951e-02 2.080951e-02 2.310274e-02 2.545109e-02 2.783833e-02 2.962728e-02 2.961446e-02 2.954762e-02 2.948205e-02 2.941931e-02 2.921815e-02 2.858031e-02 2.756677e-02 2.629139e-02 2.486464e-02 2.338739e-02 2.194710e-02 2.061536e-02 1.944707e-02 1.848103e-02 1.774210e-02 1.724426e-02 1.699413e-02 1.699413e-02 1.724426e-02 1.774210e-02 1.848103e-02 1.944707e-02 2.061536e-02 2.194710e-02 2.338739e-02 2.486464e-02 2.629139e-02 2.756677e-02 2.858031e-02 2.921815e-02 2.941931e-02 2.948205e-02 2.954762e-02 2.961446e-02 2.962728e-02 2.783833e-02 2.545109e-02 2.310274e-02 2.080951e-02 1.856951e-02 1.637861e-02 1.423213e-02 1.212499e-02 1.005185e-02 8.007188e-03 5.985368e-03 3.980706e-03 1.987491e-03 0.000000e+00
 0.000000e+00 2.046884e-03 4.100095e-03 6.165975e-03 8.250890e-03 1.036124e-02 1.250342e-02 1.468383e-02 1.690873e-02 1.918416e-02 2.151592e-02 2.391052e-02 2.638124e-02 2.894475e-02 2.962848e-02 2.956746e-02 2.950140e-02 2.943722e-02 2.935226e-02 2.884489e-02 2.788198e-02 2.657228e-02 2.503584e-02 2.338739e-02 2.173012e-02 2.015137e-02 1.872008e-02 1.748615e-02 1.648162e-02 1.572351e-02 1.521817e-02 1.496603e-02 1.496603e-02 1.521817e-02 1.572351e-02 1.648162e-02 1.748615e-02 1.872008e-02 2.015137e-02 2.173012e-02 2.338739e-02 2.503584e-02 2.657228e-02 2.788198e-02 2.884489e-02 2.935226e-02 2.943722e-02 2.950140e-02 2.956746e-02 2.962848e-02 2.894475e-02 2.638124e-02 2.391052e-02 2.151592e-02 1.918416e-02 1.690873e-02 1.468383e-02 1.250342e-02 1.036124e-02 8.250890e-03 6.165975e-03 4.100095e-03 2.046884e-03 0.000000e+00
 0.000000e+00 2.100466e-03 4.207849e-03 6.329100e-03 8.471242e-03 1.064139e-02 1.284678e-02 1.509473e-02 1.739257e-02 1.974732e-02 2.216491e-02 2.464807e-02 2.719045e-02 2.953318e-02 2.959516e-02 2.953307e-02 2.947187e-02 2.941271e-02 2.914296e-02 2.834240e-02 2.709583e-02 2.553118e-02 2.377532e-02 2.194710e-02 2.015137e-02 1.847461e-02 1.698233e-02 1.571850e-02 1.470714e-02 1.395598e-02 1.346196e-02 1.321774e-02 1.321774e-02 1.346196e-02 1.395598e-02 1.470714e-02 1.571850e-02 1.698233e-02 1.847461e-02 2.015137e-02 2.194710e-02 2.377532e-02 2.553118e-02 2.709583e-02 2.834240e-02 2.914296e-02 2.941271e-02 2.947187e-02 2.953307e-02 2.959516e-02 2.953318e-02 2.719045e-02 2.464807e-02 2.216491e-02 1.974732e-02 1.739257e-02 1.509473e-02 1.284678e-02 1.064139e-02 8.471242e-03 6.329100e-03 4.207849e-03 2.100466e-03 0.000000e+00
 0.000000e+00 2.147660e-03 4.302794e-03 6.472930e-03 8.665720e-03 1.088899e-02 1.315081e-02 1.545955e-02 1.782388e-02 2.025262e-02 2.275389e-02 2.533164e-02 2.796639e-02 2.959908e-02 2.955689e-02 2.949721e-02 2.944131e-02 2.938008e-02 2.885039e-02 2.778346e-02 2.629422e-02 2.451664e-02 2.258292e-02 2.061536e-02 1.872008e-02 1.698233e-02 1.546383e-02 1.420219e-02 1.321267e-02 1.249250e-02 1.202751e-02 1.180069e-02 1.180069e-02 1.202751e-02 1.249250e-02 1.321267e-02 1.420219e-02 1.546383e-02 1.698233e-02 1.872008e-02 2.061536e-02 2.258292e-02 2.451664e-02 2.629422e-02 2.778346e-02 2.885039e-02 2.938008e-02 2.944131e-02 2.949721e-02 2.955689e-02 2.959908e-02 2.796639e-02 2.533164e-02 2.275389e-02 2.025262e-02 1.782388e-02 1.545955e-02 1.315081e-02 1.088899e-02 8.665720e-03 6.472930e-03 4.302794e-03 2.147660e-03 0.000000e+00
 0.000000e+00 2.187923e-03 4.383819e-03 6.595739e-03 8.831900e-03 1.110078e-02 1.341124e-02 1.577267e-02 1.819527e-02 2.069049e-02 2.327213e-02 2.595910e-02 2.876150e-02 2.957747e-02 2.951662e-02 2.945211e-02 2.939033e-02 2.925424e-02 2.851121e-02 2.722629e-02 2.553825e-02 2.358939e-02 2.151719e-02 1.944707e-02 1.748615e-02 1.571850e-02 1.420219e-02 1.296864e-02 1.202434e-02 1.135533e-02 1.093488e-02 1.073412e-02 1.073412e-02 1.093488e-02 1.135533e-02 1.202434e-02 1.296864e-02 1.420219e-02 1.571850e-02 1.748615e-02 1.944707e-02 2.151719e-02 2.358939e-02 2.553825e-02 2.722629e-02 2.851121e-02 2.925424e-02 2.939033e-02 2.945211e-02 2.951662e-02 2.957747e-02 2.876150e-02 2.595910e-02 2.327213e-02 2.069049e-02 1.819527e-02 1.577267e-02 1.341124e-02 1.110078e-02 8.831900e-03 6.595739e-03 4.383819e-03 2.187923e-03 0.000000e+00
 0.000000e+00 2.220765e-03 4.449924e-03 6.695967e-03 8.967587e-03 1.127379e-02 1.362407e-02 1.602860e-02 1.849861e-02 2.104716e-02 2.369081e-02 2.645385e-02 2.930587e-02 2.959806e-02 2.953685e-02 2.947577e-02 2.941724e-02 2.911799e-02 2.818597e-02 2.672391e-02 2.487847e-02 2.279743e-02 2.062230e-02 1.848103e-02 1.648162e-02 1.470714e-02 1.321267e-02 1.202434e-02 1.114069e-02 1.053700e-02 1.017308e-02 1.000571e-02 1.000571e-02 1.017308e-02 1.053700e-02 1.114069e-02 1.202434e-02 1.321267e-02 1.470714e-02 1.648162e-02 1.848103e-02 2.062230e-02 2.279743e-02 2.487847e-02 2.672391e-02 2.818597e-02 2.911799e-02 2.941724e-02 2.947577e-02 2.953685e-02 2.959806e-02 2.930587e-02 2.645385e-02 2.369081e-02 2.104716e-02 1.849861e-02 1.602860e-02 1.362407e-02 1.127379e-02 8.967587e-03 6.695967e-03 4.449924e-03 2.220765e-03 0.000000e+00
 0.000000e+00 2.245772e-03 4.500265e-03 6.772307e-03 9.070945e-03 1.140558e-02 1.378609e-02 1.622308e-02 1.872808e-02 2.131403e-02 2.399584e-02 2.679043e-02 2.954283e-02 2.963199e-02 2.957411e-02 2.951813e-02 2.946357e-02 2.900183e-02 2.791497e-02 2.631636e-02 2.435332e-02 2.217625e-02 1.992925e-02 1.774210e-02 1.572351e-02 1.395598e-02 1.249250e-02 1.135533e-02 1.053700e-02 1.000384e-02 9.702804e-03 9.574221e-03 9.574221e-03 9.702804e-03 1.000384e-02 1.053700e-02 1.135533e-02 1.249250e-02 1.395598e-02 1.572351e-02 1.774210e-02 1.992925e-02 2.217625e-02 2.435332e-02 2.631636e-02 2.791497e-02 2.900183e-02 2.946357e-02 2.951813e-02 2.957411e-02 2.963199e-02 2.954283e-02 2.679043e-02 2.399584e-02 2.131403e-02 1.872808e-02 1.622308e-02 1.378609e-02 1.140558e-02 9.070945e-03 6.772307e-03 4.500265e-03 2.245772e-03 0.000000e+00
 0.000000e+00 2.262625e-03 4.534192e-03 6.823755e-03 9.140596e-03 1.149435e-02 1.389512e-02 1.635362e-02 1.888132e-02 2.149042e-02 2.419362e-02 2.700193e-02 2.962622e-02 2.964854e-02 2.959209e-02 2.953823e-02 2.948282e-02 2.891288e-02 2.772118e-02 2.603052e-02 2.398946e-02 2.175003e-02 1.945797e-02 1.724426e-02 1.521817e-02 1.346196e-02 1.202751e-02 1.093488e-02 1.017308e-02 9.702804e-03 9.461664e-03 9.373756e-03 9.373756e-03 9.461664e-03 9.702804e-03 1.017308e-02 1.093488e-02 1.202751e-02 1.346196e-02 1.521817e-02 1.724426e-02 1.945797e-02 2.175003e-02 2.398946e-02 2.603052e-02 2.772118e-02 2.891288e-02 2.948282e-02 2.953823e-02 2.959209e-02 2.964854e-02 2.962622e-02 2.700193e-02 2.419362e-02 2.149042e-02 1.888132e-02 1.635362e-02 1.389512e-02 1.149435e-02 9.140596e-03 6.823755e-03 4.534192e-03 2.262625e-03 0.000000e+00
 0.000000e+00 2.271106e-03 4.551266e-03 6.849645e-03 9.175641e-03 1.153899e-02 1.394990e-02 1.641910e-02 1.895792e-02 2.157812e-02 2.429145e-02 2.710752e-02 2.965098e-02 2.965238e-02 2.959620e-02 2.954284e-02 2.948519e-02 2.886358e-02 2.762005e-02 2.588339e-02 2.380352e-02 2.153348e-02 1.921981e-02 1.699413e-02 1.496603e-02 1.321774e-02 1.180069e-02 1.073412e-02 1.000571e-02 9.574221e-03 9.373756e-03 9.319572e-03 9.319572e-03 9.373756e-03 9.574221e-03 1.000571e-02 1.073412e-02 1.180069e-02 1.321774e-02 1.496603e-02 1.699413e-02 1.921981e-02 2.153348e-02 2.380352e-02 2.588339e-02 2.762005e-02 2.886358e-02 2.948519e-02 2.954284e-02 2.959620e-02 2.965238e-02 2.965098e-02 2.710752e-02 2.429145e-02 2.157812e-02 1.895792e-02 1.641910e-02 1.394990e-02 1.153899e-02 9.175641e-03 6.849645e-03 4.551266e-03 2.271106e-03 0.000000e+00
 0.000000e+00 2.271106e-03 4.551266e-03 6.849645e-03 9.175641e-03 1.153899e-02 1.394990e-02 1.641910e-02 1.895792e-02 2.157812e-02 2.429145e-02 2.710752e-02 2.965098e-02 2.965238e-02 2.959620e-02 2.954284e-02 2.948519e-02 2.886358e-02 2.762005e-02 2.588339e-02 2.380352e-02 2.153348e-02 1.921981e-02 1.699413e-02 1.496603e-02 1.321774e-02 1.180069e-02 1.073412e-02 1.000571e-02 9.574221e-03 9.373756e-03 9.319572e-03 9.319572e-03 9.373756e-03 9.574221e-03 1.000571e-02 1.073412e-02 1.180069e-02 1.321774e-02 1.496603e-02 1.699413e-02 1.921981e-02 2.153348e-02 2.380352e-02 2.588339e-02 2.762005e-02 2.886358e-02 2.948519e-02 2.954284e-02 2.959620e-02 2.965238e-02 2.965098e-02 2.710752e-02 2.429145e-02 2.157812e-02 1.895792e-02 1.641910e-02 1.394990e-02 1.153899e-02 9.175641e-03 6.849645e-03 4.551266e-03 2.271106e-03 0.000000e+00
 0.000000e+00 2.262625e-03 4.534192e-03 6.823755e-03 9.140596e-03 1.149435e-02 1.389511e-02 1.635362e-02 1.888132e-02 2.149042e-02 2.419362e-02 2.700193e-02 2.962622e-02 2.964854e-02 2.959209e-02 2.953823e-02 2.948282e-02 2.891288e-02 2.772118e-02 2.603052e-02 2.398946e-02 2.175003e-02 1.945797e-02 1.724426e-02 1.521817e-02 1.346196e-02 1.202751e-02 1.093488e-02 1.017308e-02 9.702804e-03 9.461664e-03 9.373756e-03 9.373756e-03 9.461664e-03 9.702804e-03 1.017308e-02 1.093488e-02 1.202751e-02 1.346196e-02 1.521817e-02 1.724426e-02 1.945797e-02 2.175003e-02 2.398946e-02 2.603052e-02 2.772118e-02 2.891288e-02 2.948282e-02 2.953823e-02 2.959209e-02 2.964854e-02 2.962622e-02 2.700193e-02 2.419362e-02 2.149042e-02 1.888132e-02 1.635362e-02 1.389511e-02 1.149435e-02 9.140596e-03 6.823755e-03 4.534192e-03 2.262625e-03 0.000000e+00
 0.000000e+00 2.245772e-03 4.500265e-03 6.772306e-03 9.070945e-03 1.140558e-02 1.378609e-02 1.622308e-02 1.872808e-02 2.131403e-02 2.399584e-02 2.679043e-02 2.954283e-02 2.963199e-02 2.957411e-02 2.951813e-02 2.946357e-02 2.900183e-02 2.791497e-02 2.631636e-02 2.435332e-02 2.217625e-02 1.992925e-02 1.774210e-02 1.572351e-02 1.395598e-02 1.249250e-02 1.135533e-02 1.053700e-02 1.000384e-02 9.702804e-03 9.574221e-03 9.574221e-03 9.702804e-03 1.000384e-02 1.053700e-02 1.135533e-02 1.249250e-02 1.395598e-02 1.572351e-02 1.774210e-02 1.992925e-02 2.217625e-02 2.435332e-02 2.631636e-02 2.791497e-02 2.900183e-02 2.946357e-02 2.951813e-02 2.957411e-02 2.963199e-02 2.954283e-02 2.679043e-02 2.399584e-02 2.131403e-02 1.872808e-02 1.622308e-02 1.378609e-02 1.140558e-02 9.070945e-03 6.772306e-03 4.500265e-03 2.245772e-03 0.000000e+00
 0.000000e+00 2.220765e-03 4.449924e-03 6.695967e-03 8.967586e-03 1.127379e-02 1.362407e-02 1.602860e-02 1.849861e-02 2.104716e-02 2.369081e-02 2.645385e-02 2.930587e-02 2.959806e-02 2.953685e-02 2.947577e-02 2.941724e-02 2.911799e-02 2.818597e-02 2.672391e-02 2.487847e-02 2.279743e-02 2.062230e-02 1.848103e-02 1.648162e-02 1.470714e-02 1.321267e-02 1.202434e-02 1.114069e-02 1.053700e-02 1.017308e-02 1.000571e-02 1.000571e-02 1.017308e-02 1.053700e-02 1.114069e-02 1.202434e-02 1.321267e-02 1.470714e-02 1.648162e-02 1.848103e-02 2.062230e-02 2.279743e-02 2.487847e-02 2.672391e-02 2.818597e-02 2.911799e-02 2.941724e-02 2.947577e-02 2.953685e-02 2.959806e-02 2.930587e-02 2.645385e-02 2.369081e-02 2.104716e-02 1.849861e-02 1.602860e-02 1.362407e-02 1.127379e-02 8.967586e-03 6.695967e-03 4.449924e-03 2.220765e-03 0.000000e+00
 0.000000e+00 2.187923e-03 4.383818e-03 6.595738e-03 8.831900e-03 1.110078e-02 1.341124e-02 1.577267e-02 1.819527e-02 2.069049e-02 2.327212e-02 2.595910e-02 2.876150e-02 2.957747e-02 2.951662e-02 2.945211e-02 2.939033e-02 2.925424e-02 2.851121e-02 2.722629e-02 2.553825e-02 2.358939e-02 2.151719e-02 1.944707e-02 1.748615e-02 1.571850e-02 1.420219e-02 1.296864e-02 1.202434e-02 1.135533e-02 1.093488e-02 1.073412e-02 1.073412e-02 1.093488e-02 1.135533e-02 1.202434e-02 1.296864e-02 1.420219e-02 1.571850e-02 1.748615e-02 1.944707e-02 2.151719e-02 2.358939e-02 2.553825e-02 2.722629e-02 2.851121e-02 2.925424e-02 2.939033e-02 2.945211e-02 2.951662e-02 2.957747e-02 2.876150e-02 2.595910e-02 2.327212e-02 2.069049e-02 1.819527e-02 1.577267e-02 1.341124e-02 1.110078e-02 8.831900e-03 6.595738e-03 4.383818e-03 2.187923e-03 0.000000e+00
 0.000000e+00 2.147660e-03 4.302793e-03 6.472930e-03 8.665719e-03 1.088899e-02 1.315081e-02 1.545955e-02 1.782388e-02 2.025262e-02 2.275389e-02 2.533164e-02 2.796639e-02 2.959908e-02 2.955689e-02 2.949721e-02 2.944131e-02 2.938008e-02 2.885039e-02 2.778346e-02 2.629422e-02 2.451664e-02 2.258292e-02 2.061536e-02 1.872008e-02 1.698233e-02 1.546383e-02 1.420219e-02 1.321267e-02 1.249250e-02 1.202751e-02 1.180069e-02 1.180069e-02 1.202751e-02 1.249250e-02 1.321267e-02 1.420219e-02 1.546383e-02 1.698233e-02 1.872008e-02 2.061536e-02 2.258292e-02 2.451664e-02 2.629422e-02 2.778346e-02 2.885039e-02 2.938008e-02 2.944131e-02 2.949721e-02 2.955689e-02 2.959908e-02 2.796639e-02 2.533164e-02 2.275389e-02 2.025262e-02 1.782388e-02 1.545955e-02 1.315081e-02 1.088899e-02 8.665719e-03 6.472930e-03 4.302793e-03 2.147660e-03 0.000000e+00
 0.000000e+00 2.100466e-03 4.207848e-03 6.329100e-03 8.471241e-03 1.064139e-02 1.284678e-02 1.509473e-02 1.739257e-02 1.974732e-02 2.216491e-02 2.464807e-02 2.719045e-02 2.953318e-02 2.959516e-02 2.953307e-02 2.947187e-02 2.941271e-02 2.914296e-02 2.834240e-02 2.709583e-02 2.553118e-02 2.377532e-02 2.194710e-02 2.015137e-02 1.847461e-02 1.698233e-02 1.571850e-02 1.470714e-02 1.395598e-02 1.346196e-02 1.321774e-02 1.321774e-02 1.346196e-02 1.395598e-02 1.470714e-02 1.571850e-02 1.698233e-02 1.847461e-02 2.015137e-02 2.194710e-02 2.377532e-02 2.553118e-02 2.709583e-02 2.834240e-02 2.914296e-02 2.941271e-02 2.947187e-02 2.953307e-02 2.959516e-02 2.953318e-02 2.719045e-02 2.464807e-02 2.216491e-02 1.974732e-02 1.739257e-02 1.509473e-02 1.284678e-02 1.064139e-02 8.471241e-03 6.329100e-03 4.207848e-03 2.100466e-03 0.000000e+00
 0.000000e+00 2.046884e-03 4.100095e-03 6.165975e-03 8.250890e-03 1.036123e-02 1.250342e-02 1.468383e-02 1.690873e-02 1.918416e-02 2.151592e-02 2.391052e-02 2.638124e-02 2.894475e-02 2.962848e-02 2.956746e-02 2.950140e-02 2.943722e-02 2.935226e-02 2.884489e-02 2.788198e-02 2.657228e-02 2.503584e-02 2.338739e-02 2.173012e-02 2.015137e-02 1.872008e-02 1.748615e-02 1.648162e-02 1.572351e-02 1.521817e-02 1.496603e-02 1.496603e-02 1.521817e-02 1.572351e-02 1.648162e-02 1.748615e-02 1.872008e-02 2.015137e-02 2.173012e-02 2.338739e-02 2.503584e-02 2.657228e-02 2.788198e-02 2.884489e-02 2.935226e-02 2.943722e-02 2.950140e-02 2.956746e-02 2.962848e-02 2.894475e-02 2.638124e-02 2.391052e-02 2.151592e-02 1.918416e-02 1.690873e-02 1.468383e-02 1.250342e-02 1.036123e-02 8.250890e-03 6.165975e-03 4.100095e-03 2.046884e-03 0.000000e+00
 0.000000e+00 1.987490e-03 3.980706e-03 5.985367e-03 8.007187e-03 1.005185e-02 1.212499e-02 1.423213e-02 1.637861e-02 1.856951e-02 2.080951e-02 2.310274e-02 2.545109e-02 2.783833e-02 2.962728e-02 2.961446e-02 2.954762e-02 2.948205e-02 2.941931e-02 2.921815e-02 2.858031e-02 2.756677e-02 2.629139e-02 2.486464e-02 2.338739e-02 2.194710e-02 2.061536e-02 1.944707e-02 1.848103e-02 1.774210e-02 1.724426e-02 1.699413e-02 1.699413e-02 1.724426e-02 1.774210e-02 1.848103e-02 1.944707e-02 2.061536e-02 2.194710e-02 2.338739e-02 2.486464e-02 2.629139e-02 2.756677e-02 2.858031e-02 2.921815e-02 2.941931e-02 2.948205e-02 2.954762e-02 2.961446e-02 2.962728e-02 2.783833e-02 2.545109e-02 2.310274e-02 2.080951e-02 1.856951e-02 1.637861e-02 1.423213e-02 1.212499e-02 1.005185e-02 8.007187e-03 5.985367e-03 3.980706e-03 1.987490e-03 0.000000e+00
 0.000000e+00 1.922873e-03 3.850873e-03 5.789110e-03 7.742658e-03 9.716524e-03 1.171561e-02 1.374467e-02 1.580821e-02 1.791043e-02 2.005513e-02 2.224563e-02 2.448504e-02 2.677876e-02 2.911089e-02 2.966988e-02 2.960910e-02 2.954388e-02 2.948244e-02 2.942099e-02 2.911368e-02 2.843106e-02 2.745562e-02 2.629139e-02 2.503584e-02 2.377532e-02 2.258292e-02 2.151719e-02 2.062230e-02 1.992925e-02 1.945797e-02 1.921981e-02 1.921981e-02 1.945797e-02 1.992925e-02 2.062230e-02 2.151719e-02 2.258292e-02 2.377532e-02 2.503584e-02 2.629139e-02 2.745562e-02 2.843106e-02 2.911368e-02 2.942099e-02 2.948244e-02 2.954388e-02 2.960910e-02 2.966988e-02 2.911089e-02 2.677876e-02 2.448504e-02 2.224563e-02 2.005513e-02 1.791043e-02 1.580821e-02 1.374467e-02 1.171561e-02 9.716524e-03 7.742658e-03 5.789110e-03 3.850873e-03 1.922873e-03 0.000000e+00
 0.000000e+00 1.853613e-03 3.711773e-03 5.579001e-03 7.459760e-03 9.358422e-03 1.127922e-02 1.322619e-02 1.520311e-02 1.721339e-02 1.925999e-02 2.134523e-02 2.347056e-02 2.563551e-02 2.782901e-02 2.963536e-02 2.967530e-02 2.960987e-02 2.954503e-02 2.948339e-02 2.940781e-02 2.907260e-02 2.843106e-02 2.756677e-02 2.657228e-02 2.553118e-02 2.451664e-02 2.358939e-02 2.279743e-02 2.217625e-02 2.175003e-02 2.153348e-02 2.153348e-02 2.175003e-02 2.217625e-02 2.279743e-02 2.358939e-02 2.451664e-02 2.553118e-02 2.657228e-02 2.756677e-02 2.843106e-02 2.907260e-02 2.940781e-02 2.948339e-02 2.954503e-02 2.960987e-02 2.967530e-02 2.963536e-02 2.782901e-02 2.563551e-02 2.347056e-02 2.134523e-02 1.925999e-02 1.721339e-02 1.520311e-02 1.322619e-02 1.127922e-02 9.358422e-03 7.459760e-03 5.579001e-03 3.711773e-03 1.853613e-03 0.000000e+00
 0.000000e+00 1.780273e-03 3.564542e-03 5.356766e-03 7.160839e-03 8.980542e-03 1.081950e-02 1.268110e-02 1.456848e-02 1.648438e-02 1.843105e-02 2.041012e-02 2.242236e-02 2.446721e-02 2.654219e-02 2.863043e-02 2.971978e-02 2.967814e-02 2.961102e-02 2.954523e-02 2.948248e-02 2.940781e-02 2.911368e-02 2.858031e-02 2.788198e-02 2.709583e-02 2.629422e-02 2.553825e-02 2.487847e-02 2.435332e-02 2.398946e-02 2.380353e-02 2.380353e-02 2.398946e-02 2.435332e-02 2.487847e-02 2.553825e-02 2.629422e-02 2.709583e-02 2.788198e-02 2.858031e-02 2.911368e-02 2.940781e-02 2.948248e-02 2.954523e-02 2.961102e-02 2.967814e-02 2.971978e-02 2.863043e-02 2.654219e-02 2.446721e-02 2.242236e-02 2.041012e-02 1.843105e-02 1.648438e-02 1.456848e-02 1.268110e-02 1.081950e-02 8.980542e-03 7.160839e-03 5.356766e-03 3.564542e-03 1.780273e-03 0.000000e+00
 0.000000e+00 1.703387e-03 3.410252e-03 5.124033e-03 6.848094e-03 8.585673e-03 1.033984e-02 1.211344e-02 1.390901e-02 1.572874e-02 1.757434e-02 1.944699e-02 2.134719e-02 2.327481e-02 2.522956e-02 2.721269e-02 2.917538e-02 2.973699e-02 2.967953e-02 2.961133e-02 2.954523e-02 2.948339e-02 2.942099e-02 2.921815e-02 2.884489e-02 2.834240e-02 2.778346e-02 2.722629e-02 2.672391e-02 2.631636e-02 2.603052e-02 2.588339e-02 2.588339e-02 2.603052e-02 2.631636e-02 2.672391e-02 2.722629e-02 2.778346e-02 2.834240e-02 2.884489e-02 2.921815e-02 2.942099e-02 2.948339e-02 2.954523e-02 2.961133e-02 2.967953e-02 2.973699e-02 2.917538e-02 2.721269e-02 2.522956e-02 2.327481e-02 2.134719e-02 1.944699e-02 1.757434e-02 1.572874e-02 1.390901e-02 1.211344e-02 1.033984e-02 8.585673e-03 6.848094e-03 5.124033e-03 3.410252e-03 1.703387e-03 0.000000e+00
 0.000000e+00 1.623453e-03 3.249904e-03 4.882312e-03 6.523554e-03 8.176379e-03 9.843362e-03 1.152685e-02 1.322889e-02 1.495119e-02 1.669503e-02 1.846120e-02 2.024997e-02 2.206115e-02 2.389426e-02 2.574890e-02 2.762237e-02 2.940010e-02 2.974072e-02 2.967953e-02 2.961102e-02 2.954503e-02 2.948244e-02 2.941931e-02 2.935226e-02 2.914296e-02 2.885039e-02 2.851121e-02 2.818597e-02 2.791497e-02 2.772118e-02 2.762005e-02 2.762005e-02 2.772118e-02 2.791497e-02 2.818597e-02 2.851121e-02 2.885039e-02 2.914296e-02 2.935226e-02 2.941931e-02 2.948244e-02 2.954503e-02 2.961102e-02 2.967953e-02 2.974072e-02 2.940010e-02 2.762237e-02 2.574890e-02 2.389426e-02 2.206115e-02 2.024997e-02 1.846120e-02 1.669503e-02 1.495119e-02 1.322889e-02 1.152685e-02 9.843362e-03 8.176379e-03 6.523554e-03 4.882312e-03 3.249904e-03 1.623453e-03 0.000000e+00
 0.000000e+00 1.540928e-03 3.084418e-03 4.632988e-03 6.189075e-03 7.754988e-03 9.332861e-03 1.092460e-02 1.253184e-02 1.415587e-02 1.579759e-02 1.745746e-02 1.913546e-02 2.083111e-02 2.254344e-02 2.427091e-02 2.601073e-02 2.775586e-02 2.940010e-02 2.973699e-02 2.967814e-02 2.960987e-02 2.954388e-02 2.948205e-02 2.943722e-02 2.941271e-02 2.938008e-02 2.925424e-02 2.911799e-02 2.900183e-02 2.891288e-02 2.886358e-02 2.886358e-02 2.891288e-02 2.900183e-02 2.911799e-02 2.925424e-02 2.938008e-02 2.941271e-02 2.943722e-02 2.948205e-02 2.954388e-02 2.960987e-02 2.967814e-02 2.973699e-02 2.940010e-02 2.775586e-02 2.601073e-02 2.427091e-02 2.254344e-02 2.083111e-02 1.913546e-02 1.745746e-02 1.579759e-02 1.415587e-02 1.253184e-02 1.092460e-02 9.332861e-03 7.754988e-03 6.189075e-03 4.632988e-03 3.084418e-03 1.540928e-03 0.000000e+00
 0.000000e+00 1.456232e-03 2.914628e-03 4.377313e-03 5.846329e-03 7.323590e-03 8.810843e-03 1.030961e-02 1.182116e-02 1.334643e-02 1.488598e-02 1.643998e-02 1.800813e-02 1.958963e-02 2.118314e-02 2.278664e-02 2.439716e-02 2.601073e-02 2.762237e-02 2.917538e-02 2.971978e-02 2.967530e-02 2.960910e-02 2.954762e-02 2.950140e-02 2.947187e-02 2.944131e-02 2.939033e-02 2.941724e-02 2.946357e-02 2.948282e-02 2.948519e-02 2.948519e-02 2.948282e-02 2.946357e-02 2.941724e-02 2.939033e-02 2.944131e-02 2.947187e-02 2.950140e-02 2.954762e-02 2.960910e-02 2.967530e-02 2.971978e-02 2.917538e-02 2.762237e-02 2.601073e-02 2.439716e-02 2.278664e-02 2.118314e-02 1.958963e-02 1.800813e-02 1.643998e-02 1.488598e-02 1.334643e-02 1.182116e-02 1.030961e-02 8.810843e-03 7.323590e-03 5.846329e-03 4.377313e-03 2.914628e-03 1.456232e-03 0.000000e+00
